[{"id": 0, "img_name": "003_0001.png", "width": 1920, "height": 1080, "position": [2.3409759694205428, -0.3301908305798229, -0.36205963941566366], "rotation": [[0.9999868631072775, -0.00027586563624288274, 0.0051183504195970765], [0.00020588109942190052, 0.9999065570468046, 0.01366875223925576], [-0.00512164288485151, -0.01366751890271233, 0.9998934781771527]], "fy": 8575.9443359375, "fx": 8575.9443359375}, {"id": 1, "img_name": "003_0002.png", "width": 1920, "height": 1080, "position": [2.0645958105402773, -0.621973732388248, -0.3507476159548452], "rotation": [[0.9999663576455677, 0.0002125592235071127, 0.008199902172160961], [-0.00035149225811890723, 0.999856352302172, 0.016945536704025935], [-0.008195122344967798, -0.016947848818404943, 0.999822789493308]], "fy": 8575.9443359375, "fx": 8575.9443359375}, {"id": 2, "img_name": "003_0003.png", "width": 1920, "height": 1080, "position": [2.059813945193296, -0.6177009545108553, -0.35184154115709787], "rotation": [[0.9999659212960743, 0.00027019762767878136, 0.008251256857922688], [-0.0004096116448131293, 0.9998571164178137, 0.016899081837627526], [-0.008245511796962809, -0.01690188574971431, 0.99982315325927]], "fy": 8575.9443359375, "fx": 8575.9443359375}, {"id": 3, "img_name": "003_0004.png", "width": 1920, "height": 1080, "position": [1.90201129320086, -0.28736663300041987, -0.32965712404039943], "rotation": [[0.9999488564099763, 0.0016744595257793542, 0.009974003693470273], [-0.001806681295762049, 0.9999104181199187, 0.013262414483989012], [-0.009950902827199922, -0.013279756042416772, 0.9998623043261395]], "fy": 8575.9443359375, "fx": 8575.9443359375}, {"id": 4, "img_name": "003_0005.png", "width": 1920, "height": 1080, "position": [1.642159819514276, 0.07338689053710772, -0.3034735245874094], "rotation": [[0.9999122069788188, 0.003303089991147607, 0.012832300310470253], [-0.003422545154348905, 0.9999509139676699, 0.009298163253458872], [-0.012800957753783789, -0.009341266066862168, 0.9998744302305435]], "fy": 8575.9443359375, "fx": 8575.9443359375}, {"id": 5, "img_name": "003_0006.png", "width": 1920, "height": 1080, "position": [1.2076965338491736, -0.006305350911394561, -0.264056325946796], "rotation": [[0.9998293752819528, 0.0054602778900847, 0.017646690586713643], [-0.00564225460060324, 0.99993125174863, 0.010278946416823777], [-0.017589351503740188, -0.010376759695637892, 0.9997914470387796]], "fy": 8575.9443359375, "fx": 8575.9443359375}, {"id": 6, "img_name": "003_0007.png", "width": 1920, "height": 1080, "position": [0.3435663412524753, -0.3449769316132719, -0.19690185632662482], "rotation": [[0.9995979169424881, 0.0076898978153941075, 0.027292305066221774], [-0.008078245367886929, 0.999867285200388, 0.014147577099358164], [-0.027179889551194488, -0.014362362535281828, 0.9995273763866551]], "fy": 8575.9443359375, "fx": 8575.9443359375}, {"id": 7, "img_name": "003_0008.png", "width": 1920, "height": 1080, "position": [-0.3339046598113149, -0.6681280936362625, -0.13337440309460538], "rotation": [[0.9993559484439567, 0.008135105139585829, 0.0349500840349118], [-0.008763025414538658, 0.9998022605795556, 0.017850745799389212], [-0.0347979553316522, -0.018145517473418773, 0.999229624510982]], "fy": 8575.9443359375, "fx": 8575.9443359375}, {"id": 8, "img_name": "003_0009.png", "width": 1920, "height": 1080, "position": [-0.7806563616699921, -0.6183559649197939, -0.06751990492324994], "rotation": [[0.9991660227892806, 0.007669139483839637, 0.0401054011702712], [-0.008370942007491349, 0.9998142546488589, 0.01736040122964009], [-0.039964812439922635, -0.017681643038029136, 0.9990446302673958]], "fy": 8575.9443359375, "fx": 8575.9443359375}, {"id": 9, "img_name": "003_0010.png", "width": 1920, "height": 1080, "position": [-0.964542621150469, 0.012050978137351087, -0.04734612677059038], "rotation": [[0.9990791903260139, 0.006833940157073075, 0.0423564483809259], [-0.007276789701229961, 0.999920373387046, 0.010309957184911706], [-0.04228261804998088, -0.010608682643956459, 0.9990493661793691]], "fy": 8575.9443359375, "fx": 8575.9443359375}, {"id": 10, "img_name": "003_0011.png", "width": 1920, "height": 1080, "position": [-0.6480423738002633, 1.077024114364069, -0.07657473274872627], "rotation": [[0.9992246653797718, 0.005435880178836202, 0.03899383673562205], [-0.00537642394721318, 0.9999842193349567, -0.0016294620575245358], [-0.03900207894744645, 0.0014185512815598697, 0.9992381225463923]], "fy": 8575.9443359375, "fx": 8575.9443359375}, {"id": 11, "img_name": "003_0012.png", "width": 1920, "height": 1080, "position": [-0.2778979244706418, 2.0189602787349874, -0.07573978594908287], "rotation": [[0.9993780670244975, 0.004283197579440422, 0.035001905217781716], [-0.0038572862752662405, 0.9999178110395792, -0.012226712902787347], [-0.03505139787468883, 0.01208409633824638, 0.9993124506993387]], "fy": 8575.9443359375, "fx": 8575.9443359375}, {"id": 12, "img_name": "003_0013.png", "width": 1920, "height": 1080, "position": [0.2297250263713951, 2.3825473150598793, -0.06583674161575392], "rotation": [[0.999563172122209, 0.0024021769558754103, 0.029456654305265683], [-0.0019196966384807564, 0.9998637224294236, -0.01639668668947455], [-0.029492027766897824, 0.016332976319374474, 0.9994315655325017]], "fy": 8575.9443359375, "fx": 8575.9443359375}, {"id": 13, "img_name": "003_0014.png", "width": 1920, "height": 1080, "position": [0.5349393262896684, -1.3328673543999907, -0.1034215057040797], "rotation": [[0.9996580308555567, -0.001333770784172017, 0.02611594152019689], [0.0006819287413680667, 0.9996884037715432, 0.02495256175015824], [-0.02614108488916921, -0.02492621953283435, 0.9993474507200278]], "fy": 8575.9443359375, "fx": 8575.9443359375}, {"id": 14, "img_name": "003_0015.png", "width": 1920, "height": 1080, "position": [0.11670696202266984, -3.6692471490514924, 0.09249881908819506], "rotation": [[0.9995125272460875, -0.004336381777981686, 0.03091769188045558], [0.002754550648988745, 0.9986936866135551, 0.051022865158168354], [-0.03109855830840646, -0.05091282855334265, 0.9982187954350673]], "fy": 8575.9443359375, "fx": 8575.9443359375}, {"id": 15, "img_name": "003_0016.png", "width": 1920, "height": 1080, "position": [0.18033942950098186, -2.9695614709029297, 0.08781079620899813], "rotation": [[0.9995280621760118, -0.0049839516401982325, 0.030311930798198577], [0.0036721287010399064, 0.9990605536621322, 0.04318015269908806], [-0.03049866215868514, -0.04304846504071578, 0.998607360910267]], "fy": 8575.9443359375, "fx": 8575.9443359375}, {"id": 16, "img_name": "003_0017.png", "width": 1920, "height": 1080, "position": [0.4533283133498517, -0.8760453572760021, -0.00215262466507532], "rotation": [[0.9996174406401631, -0.004290834008306393, 0.027323270512936686], [0.0037522966058504575, 0.9997982894446117, 0.019730704341460303], [-0.027402420298062672, -0.019620631160631875, 0.9994319077329213]], "fy": 8575.9443359375, "fx": 8575.9443359375}, {"id": 17, "img_name": "003_0018.png", "width": 1920, "height": 1080, "position": [0.7166198656101158, -1.039626150121986, -0.04642282864005819], "rotation": [[0.9996932201150573, -0.004300113692922812, 0.024392102783801304], [0.0037750133981752716, 0.9997610149367373, 0.021532818824023442], [-0.024478867004646822, -0.021434132473523597, 0.9994705413544094]], "fy": 8575.9443359375, "fx": 8575.9443359375}, {"id": 18, "img_name": "003_0019.png", "width": 1920, "height": 1080, "position": [0.5879423133351924, -1.192780377385047, -0.04101176875953246], "rotation": [[0.9996583504448545, -0.0038235531131081972, 0.02585658189830098], [0.0032226061515193906, 0.9997246414562563, 0.023243409275578723], [-0.02593833447745816, -0.02315214259525692, 0.9993954077830178]], "fy": 8575.9443359375, "fx": 8575.9443359375}, {"id": 19, "img_name": "003_0020.png", "width": 1920, "height": 1080, "position": [0.5197971602773603, -0.4465718696000512, 0.02802758985258603], "rotation": [[0.9996396079198538, -0.0031475548998531407, 0.026659842009908313], [0.002750599324690387, 0.9998850079567527, 0.014913251378537657], [-0.026703716617652206, -0.014834546217422794, 0.9995333149812102]], "fy": 8575.9443359375, "fx": 8575.9443359375}, {"id": 20, "img_name": "003_0021.png", "width": 1920, "height": 1080, "position": [0.36140632150694274, 1.570443390737687, 0.12029630081158477], "rotation": [[0.9995930529866884, -0.001766637419639234, 0.02847116810000739], [0.0019845543346908973, 0.9999689408199034, -0.007627512019857434], [-0.028456808760716792, 0.007680910606688539, 0.9995655124339814]], "fy": 8575.9443359375, "fx": 8575.9443359375}, {"id": 21, "img_name": "003_0022.png", "width": 1920, "height": 1080, "position": [-0.1424836949325324, 4.255377812126036, 0.32009432099611], "rotation": [[0.9994156667654228, 0.001029853733356349, 0.03416525172032592], [0.0002563353653218136, 0.9992920695214272, -0.037620394518973324], [-0.034179808601070685, 0.03760716943443902, 0.9987078859662236]], "fy": 8575.9443359375, "fx": 8575.9443359375}, {"id": 22, "img_name": "003_0023.png", "width": 1920, "height": 1080, "position": [-0.42639476025550266, 5.4087276627986, 0.46860042502098065], "rotation": [[0.9992984489392518, 0.0024222856774373533, 0.037373018070558636], [-0.0005309100893788997, 0.998722139704578, -0.05053519366131357], [-0.0374476712504585, 0.05047989893023116, 0.9980227711439811]], "fy": 8575.9443359375, "fx": 8575.9443359375}, {"id": 23, "img_name": "003_0024.png", "width": 1920, "height": 1080, "position": [-0.34141298900773287, 5.386211010793556, 0.47085690186425055], "rotation": [[0.9993337980400921, 0.0026235073423841256, 0.036401611282863885], [-0.000791419351163208, 0.9987361931623528, -0.05025325982443516], [-0.036487446473751364, 0.050190972064665586, 0.9980729094475159]], "fy": 8575.9443359375, "fx": 8575.9443359375}, {"id": 24, "img_name": "003_0025.png", "width": 1920, "height": 1080, "position": [-0.2195535818604012, 4.358984013051702, 0.3674164773636997], "rotation": [[0.9993858156410123, 0.002032552632741636, 0.03498371371572642], [-0.000678612198600461, 0.9992517874344337, -0.038670464111168215], [-0.03503613821517263, 0.038622972942076506, 0.9986394419309118]], "fy": 8575.9443359375, "fx": 8575.9443359375}, {"id": 25, "img_name": "003_0026.png", "width": 1920, "height": 1080, "position": [-0.34341005771331945, 3.0459056459594605, 0.18161897501620516], "rotation": [[0.9993418237035157, 0.0016146658337419747, 0.036239650262894926], [-0.000748532659245837, 0.9997140499028483, -0.023901006792673724], [-0.03626787967044167, 0.023858149154759246, 0.9990572704420501]], "fy": 8575.9443359375, "fx": 8575.9443359375}, {"id": 26, "img_name": "003_0027.png", "width": 1920, "height": 1080, "position": [-0.5029620306741706, 1.5744567161430303, 0.056892976180263746], "rotation": [[0.9992798472045273, 0.0008636608538617354, 0.03793469468476108], [-0.0005829335687437346, 0.9999723703616228, -0.0074107153374023274], [-0.03794004690760101, 0.007383265083083854, 0.999252740920615]], "fy": 8575.9443359375, "fx": 8575.9443359375}, {"id": 27, "img_name": "003_0028.png", "width": 1920, "height": 1080, "position": [-0.7914868753850113, 0.1964857022117804, 0.10186657778196317], "rotation": [[0.9991526195109457, 0.00039510483894163954, 0.04115685625241034], [-0.0007264098090649339, 0.9999674536666098, 0.008035168716718492], [-0.04115234201360378, -0.00805825661561371, 0.9991203877647138]], "fy": 8575.9443359375, "fx": 8575.9443359375}, {"id": 28, "img_name": "003_0029.png", "width": 1920, "height": 1080, "position": [-0.8817722828102124, -0.3333922876807827, 0.139780238417712], "rotation": [[0.9991110951680477, 0.00042969863056383114, 0.04215251915592682], [-0.0010195211269340464, 0.9999018659510525, 0.013972080885653085], [-0.04214237877452602, -0.014002636419274364, 0.9990134864377627]], "fy": 8575.9443359375, "fx": 8575.9443359375}, {"id": 29, "img_name": "003_0030.png", "width": 1920, "height": 1080, "position": [-0.7581714722685019, -0.5032841149421838, 0.16811189916209363], "rotation": [[0.9991705981627823, 0.0007045045236747746, 0.04071387282492074], [-0.0013528192319545783, 0.9998726984761919, 0.01589832450492385], [-0.04069748944533742, -0.015940216915535693, 0.9990443552903605]], "fy": 8575.9443359375, "fx": 8575.9443359375}, {"id": 30, "img_name": "003_0031.png", "width": 1920, "height": 1080, "position": [-0.6155005241808945, -0.7779270629594066, 0.1817374169801221], "rotation": [[0.9992367175749919, 0.0005382851386293297, 0.039060113915163196], [-0.0012808131927698873, 0.9998189036991627, 0.018987346401472996], [-0.039042819666632964, -0.019022882402880848, 0.9990564489444855]], "fy": 8575.9443359375, "fx": 8575.9443359375}, {"id": 31, "img_name": "003_0032.png", "width": 1920, "height": 1080, "position": [-0.538321891716454, -0.9224886443859537, 0.19499126786147297], "rotation": [[0.9992713283180882, 0.0006899398319174138, 0.03816197563586145], [-0.0014770748613310556, 0.999786669006078, 0.02060181369649543], [-0.03813962049179007, -0.020643169833129225, 0.999059171865202]], "fy": 8575.9443359375, "fx": 8575.9443359375}, {"id": 32, "img_name": "003_0033.png", "width": 1920, "height": 1080, "position": [-0.5082704634604729, -1.0694518589879602, 0.1917878037810955], "rotation": [[0.9992857257758606, 0.0008925945383092608, 0.03777885037427225], [-0.0017336326534741796, 0.9997512633502875, 0.022235241112405293], [-0.03774960633482524, -0.022284853701430733, 0.9990387142233637]], "fy": 8575.9443359375, "fx": 8575.9443359375}, {"id": 33, "img_name": "003_0034.png", "width": 1920, "height": 1080, "position": [-0.45724467850043876, -1.294694869535968, 0.20806864336432263], "rotation": [[0.9993074514085567, 0.0005995895339525836, 0.037205618550506976], [-0.0015214155894654378, 0.9996924357615412, 0.024753164964521707], [-0.037179333694126175, -0.02479262740307021, 0.9990010123981422]], "fy": 8575.9443359375, "fx": 8575.9443359375}]